0 0.998916
1 0.998916
2 0.998916
3 0.998805
4 0.998805
5 0.998805
6 0.998805
7 0.998668
8 0.998668
9 0.998669
10 0.998669
11 0.998498
12 0.998498
13 0.998499
14 0.998499
15 0.998281
16 0.998281
17 0.998281
18 0.998281
19 0.997992
20 0.997992
21 0.997993
22 0.997993
23 0.997594
24 0.997594
25 0.997594
26 0.997595
27 0.997012
28 0.997012
29 0.997013
30 0.997013
31 0.996091
32 0.996091
33 0.996092
34 0.996093
35 0.994447
36 0.994448
37 0.994449
38 0.994451
39 0.990874
40 0.990875
41 0.99088
42 0.990886
43 0.979499
44 0.979501
45 0.979538
46 0.979574
47 0.883284
48 0.883329
49 0.885423
50 0.887442
51 1.49502
52 1.41997
53 0.998306
54 0.998314
55 0.998032
56 0.998032
57 0.998032
58 0.998044
59 0.99766
60 0.99766
61 0.99766
62 0.997677
63 0.997126
64 0.997126
65 0.997126
66 0.997154
67 0.996304
68 0.996304
69 0.996304
70 0.996354
71 0.994907
72 0.994907
73 0.994907
74 0.99501
75 0.992117
76 0.992117
77 0.992117
78 0.992394
79 0.984768
80 0.984768
81 0.984768
82 0.985967
83 0.950554
84 0.950554
85 0.950554
86 0.965079
87 0.533923
88 0.533926
89 0.533936
90 0.998014
91 0.997625
92 0.997625
93 0.997625
94 0.997625
95 0.997058
96 0.997058
97 0.997058
98 0.997059
99 0.996167
100 0.996167
101 0.996167
102 0.996167
103 0.99459
104 0.99459
105 0.99459
106 0.994592
107 0.991219
108 0.991219
109 0.991219
110 0.991223
111 0.980835
112 0.980835
113 0.980835
114 0.980863
115 0.901054
116 0.901054
117 0.901056
118 0.902305
119 0.516293
120 0.516268
121 0.40247
122 0.999996
123 0.999996
124 0.999996
125 0.999996
126 0.999996
127 0.999996
128 0.999996
129 0.999996
130 0.999996
131 0.999996
132 0.999996
133 0.999996
134 0.999996
135 0.999996
136 0.999996
137 0.999996
138 0.999996
139 0.999996
140 0.999996
141 0.999996
142 0.999996
143 0.999996
144 0.999996
145 0.999996
146 0.999996
147 0.999996
148 0.999996
149 0.999996
150 0.999996
151 0.999996
