0 0.7531
1 0.846981
2 0.889741
3 0.618095
4 0.630514
5 0.74996
6 0.827916
7 0.494677
8 0.441671
9 0.620951
10 0.765827
11 0.492417
12 0.411714
13 0.486019
14 0.716669
15 0.491204
16 0.44181
17 0.358999
18 0.65942
19 0.52018
20 0.493005
21 0.273098
22 0.576732
23 0.594727
24 0.579973
25 0.223561
26 0.481767
27 0.611419
28 0.605441
29 0.202792
30 0.361118
31 0.533082
32 0.531266
33 0.183983
34 0.217993
35 0.303098
36 0.302787
37 0.141488
38 0.0967457
39 0.0980105
40 0.0979821
41 0.0711353
42 0.054228
43 0.0594662
44 0.0594584
45 0.0511011
46 0.0487904
47 0.0527293
48 0.0527242
49 0.0460966
50 0.0448752
51 0.0480616
52 0.0480581
53 0.0425934
54 0.0418771
55 0.0444895
56 0.0444869
57 0.0398751
58 0.0394184
59 0.0415897
60 0.0415877
61 0.0376372
62 0.0373265
63 0.0391513
64 0.0391498
65 0.0357278
66 0.0355043
67 0.0370524
68 0.0370512
69 0.0340601
70 0.033891
71 0.0352149
72 0.0352139
73 0.0325794
74 0.0324455
75 0.0335856
76 0.0335848
77 0.0312487
78 0.0311385
79 0.0321262
80 0.0321256
81 0.0300417
82 0.0299478
83 0.0308082
84 0.0308076
85 0.0289389
86 0.0288565
87 0.0296096
88 0.0296091
89 0.0279253
90 0.0278513
91 0.0285131
92 0.0285128
93 0.0269888
94 0.0269211
95 0.0275051
96 0.0275047
97 0.02612
98 0.0260571
99 0.0265741
100 0.0265738
101 0.025311
102 0.0252519
103 0.0257109
104 0.0257107
105 0.024555
106 0.0244991
107 0.0249078
108 0.0249076
109 0.0238467
110 0.0237934
111 0.0241582
112 0.024158
113 0.0231813
114 0.0231302
115 0.0234565
116 0.0234564
117 0.0225547
118 0.0225054
119 0.022798
120 0.0227978
121 0.0219633
122 0.0219158
123 0.0221785
124 0.0221783
125 0.0214041
126 0.0213581
127 0.0215944
128 0.0215943
129 0.0208744
130 0.0208298
131 0.0210425
132 0.0210425
133 0.0203717
134 0.0203284
135 0.0205202
136 0.0205202
137 0.019894
138 0.0198519
139 0.020025
140 0.0200249
141 0.0194392
142 0.0193983
143 0.0195547
144 0.0195546
145 0.0190058
146 0.018966
147 0.0191073
148 0.0191072
149 0.0185921
150 0.0185534
151 0.0186812
