0 0.987627
1 0.976105
2 0.965404
3 0.97661
4 0.965106
5 0.954683
6 0.945037
7 0.955272
8 0.944578
9 0.935153
10 0.926458
11 0.935747
12 0.925805
13 0.91728
14 0.909442
15 0.917822
16 0.908573
17 0.900859
18 0.893791
19 0.901304
20 0.892694
21 0.88571
22 0.879333
23 0.886025
24 0.878002
25 0.871674
26 0.865918
27 0.871836
28 0.864352
29 0.858614
30 0.853416
31 0.858608
32 0.851618
33 0.846411
34 0.841713
35 0.846227
36 0.83969
37 0.834961
38 0.830712
39 0.834594
40 0.828473
41 0.824173
42 0.82033
43 0.823623
44 0.817882
45 0.813969
46 0.810491
47 0.813237
48 0.807846
49 0.804283
50 0.801134
51 0.803373
52 0.798301
53 0.795054
54 0.792203
55 0.793971
56 0.789194
57 0.786233
58 0.783651
59 0.784983
60 0.780477
61 0.777774
62 0.775436
63 0.776365
64 0.772107
65 0.769639
66 0.767522
67 0.768079
68 0.764051
69 0.761795
70 0.759878
71 0.760092
72 0.756275
73 0.754212
74 0.752478
75 0.752375
76 0.748752
77 0.746865
78 0.745297
79 0.744903
80 0.741459
81 0.739732
82 0.738315
83 0.737652
84 0.734375
85 0.732793
86 0.731513
87 0.730605
88 0.727481
89 0.726032
90 0.724877
91 0.723744
92 0.720763
93 0.719433
94 0.718393
95 0.717054
96 0.714205
97 0.712985
98 0.712049
99 0.710522
100 0.707796
101 0.706675
102 0.705834
103 0.704137
104 0.701524
105 0.700495
106 0.69974
107 0.697889
108 0.695382
109 0.694435
110 0.693759
111 0.691769
112 0.689361
113 0.688488
114 0.687884
115 0.685769
116 0.683453
117 0.682648
118 0.68211
119 0.679882
120 0.677652
121 0.676909
122 0.67643
123 0.674103
124 0.671954
125 0.671267
126 0.670841
127 0.668426
128 0.666352
129 0.665716
130 0.665338
131 0.662847
132 0.660844
133 0.660253
134 0.659919
135 0.657361
136 0.655425
137 0.654874
138 0.654581
139 0.651965
140 0.650091
141 0.649578
142 0.64932
143 0.646656
144 0.644841
145 0.64436
146 0.644134
147 0.64143
148 0.639671
149 0.639219
150 0.639022
151 0.636286
