0 0.871909
1 0.893221
2 0.908435
3 0.451951
4 0.473355
5 0.778106
6 0.850752
7 0.571662
8 0.399589
9 0.766694
10 0.875078
11 0.316325
12 0.309345
13 0.333943
14 0.932109
15 0.641364
16 0.642037
17 0.663026
18 0.689958
19 1.426
20 1.33473
21 0.272522
22 0.770652
23 0.498702
24 0.496644
25 0.186406
26 0.808133
27 0.102696
28 0.102642
29 0.0633764
30 0.130223
31 0.645102
32 0.644496
33 0.184502
34 0.288679
35 1.1363
36 1.136
37 0.324898
38 0.887184
39 0.178343
40 0.178343
41 0.178429
42 0.189909
43 0.556242
44 0.556238
45 0.368013
46 0.308666
47 0.52864
48 0.528639
49 0.00944791
50 0.00816107
51 0.00824396
52 0.00824396
53 0.00824301
54 0.00763344
55 0.00755154
56 0.00755154
57 0.00755176
58 0.00715899
59 0.00702777
60 0.00702777
61 0.0070286
62 0.0067325
63 0.00659364
64 0.00659364
65 0.00659485
66 0.00635318
67 0.00622039
68 0.00622039
69 0.00622188
70 0.00601623
71 0.00589341
72 0.00589341
73 0.00589512
74 0.00571594
75 0.00560358
76 0.00560358
77 0.00560548
78 0.00544701
79 0.00534449
80 0.00534449
81 0.00534656
82 0.00520493
83 0.00511131
84 0.00511131
85 0.00511352
86 0.00498594
87 0.00490025
88 0.00490025
89 0.0049026
90 0.00478694
91 0.0047083
92 0.0047083
93 0.00471077
94 0.00460535
95 0.00453297
96 0.00453297
97 0.00453554
98 0.00443902
99 0.00437222
100 0.00437222
101 0.00437489
102 0.00428614
103 0.00422432
104 0.00422432
105 0.00422707
106 0.00414518
107 0.00408782
108 0.00408782
109 0.00409066
110 0.00401483
111 0.0039615
112 0.0039615
113 0.0039644
114 0.00389399
115 0.00384428
116 0.00384428
117 0.00384725
118 0.00378168
119 0.00373526
120 0.00373526
121 0.00373828
122 0.00367706
123 0.00363362
124 0.00363362
125 0.00363669
126 0.00357941
127 0.00353869
128 0.00353869
129 0.0035418
130 0.00348807
131 0.00344985
132 0.00344985
133 0.00345298
134 0.0034025
135 0.00336655
136 0.00336655
137 0.00336971
138 0.00332218
139 0.00328833
140 0.00328833
141 0.0032915
142 0.00324668
143 0.00321475
144 0.00321475
145 0.00321794
146 0.00317559
147 0.00314544
148 0.00314544
149 0.00314864
150 0.00310857
151 0.00308006
