0 0.89088
1 0.851083
2 0.845652
3 0.839362
4 0.780764
5 0.773907
6 0.785128
7 0.745599
8 0.709637
9 0.714134
10 0.732692
11 0.678209
12 0.651681
13 0.658999
14 0.681219
15 0.624
16 0.60126
17 0.606495
18 0.629852
19 0.579057
20 0.558079
21 0.558025
22 0.580278
23 0.541166
24 0.521748
25 0.5151
26 0.534605
27 0.508108
28 0.490701
29 0.478018
30 0.494085
31 0.478191
32 0.463179
33 0.446091
34 0.458847
35 0.450603
36 0.438054
37 0.418344
38 0.428324
39 0.425108
40 0.41483
41 0.393932
42 0.401733
43 0.401648
44 0.393324
45 0.372222
46 0.378353
47 0.38015
48 0.373441
49 0.352749
50 0.357599
51 0.360487
52 0.355085
53 0.335158
54 0.339018
55 0.342503
56 0.338145
57 0.319175
58 0.32226
59 0.326031
60 0.322505
61 0.304579
62 0.307052
63 0.310913
64 0.308049
65 0.291193
66 0.293176
67 0.297005
68 0.294668
69 0.278868
70 0.280457
71 0.284177
72 0.282261
73 0.26748
74 0.268752
75 0.272315
76 0.270738
77 0.256928
78 0.25794
79 0.261321
80 0.260016
81 0.247121
82 0.247921
83 0.251108
84 0.250022
85 0.237984
86 0.238611
87 0.241598
88 0.240691
89 0.229452
90 0.229935
91 0.232725
92 0.231963
93 0.221468
94 0.221832
95 0.224429
96 0.223788
97 0.213981
98 0.214247
99 0.216659
100 0.216116
101 0.206947
102 0.207132
103 0.209369
104 0.208907
105 0.200328
106 0.200445
107 0.202516
108 0.202122
109 0.194089
110 0.19415
111 0.196065
112 0.195728
113 0.1882
114 0.188213
115 0.189982
116 0.189692
117 0.182631
118 0.182606
119 0.184239
120 0.183989
121 0.17736
122 0.177301
123 0.178808
124 0.178591
125 0.172362
126 0.172277
127 0.173666
128 0.173478
129 0.167619
130 0.167511
131 0.168792
132 0.168627
133 0.163112
134 0.162985
135 0.164165
136 0.164021
137 0.158824
138 0.158681
139 0.159768
140 0.159642
141 0.15474
142 0.154585
143 0.155585
144 0.155474
145 0.150846
146 0.150681
147 0.151601
148 0.151503
149 0.147131
150 0.146957
151 0.147803
